20  11  10  10  10  12  12  12  10  10  12  12  10  10  22
20  0   0   0   0   0   0   0   0   0   0   0   0   6   22
20  0   0   0   0   0   0   7   0   0   0   0   0   0   23
21  0   0   0   0   1   0   0   4   2   0   0   0   0   23
20  4   0   1   0   0   0   0   0   0   0   0   5   0   22
21  0   0   0   3   6   0   2   0   7   0   0   0   0   22
21  0   0   0   0   0   0   0   0   0   5   0   3   0   22
20  0   2   0   2   0   3   0   1   0   0   0   0   0   22
20  0   0   0   0   0   0   0   0   0   2   0   3   0   23
21  4   0   0   0   6   1   0   0   6   0   0   0   0   23
20  0   0   0   0   0   0   0   3   0   5   0   0   0   23
20  0   0   2   0   0   4   6   0   0   0   3   0   0   22
20  0   0   0   0   7   0   0   0   3   3   0   0   0   22
21  7   0   0   0   0   0   0   0   0   0   0   0   0   22
30  40  41  40  41  40  41  41  40  40  40  41  40  40  31